datetime_utc,Generación T.Real Solar,Generación prevista Solar,Demanda prevista,Demanda real,Generación prevista Solar fotovoltaica,Generación T.Real Solar térmica,Generación T.Real Solar fotovoltaica,Previsión de la producción eólica peninsular,Generación prevista Solar térmica,Generación T.Real eólica
2021-06-10 22:10:00,633,0.0,27387,27263,0.0,630,3,0,0.0,7882
2021-06-10 22:20:00,632,0.0,27304,27477,0.0,629,3,0,0.0,8050
2021-06-10 22:30:00,631,0.0,27165,27204,0.0,628,3,0,0.0,8139
2021-06-10 22:40:00,631,0.0,26970,26852,0.0,628,3,0,0.0,8149
2021-06-10 22:50:00,630,0.0,26719,26677,0.0,627,3,0,0.0,8159
2021-06-10 23:00:00,630,547.5,26411,26498,0.0,627,3,8119,547.5,8182
2021-06-10 23:10:00,631,0.0,26093,26234,0.0,628,3,0,0.0,8216
2021-06-10 23:20:00,629,0.0,25808,26147,0.0,626,3,0,0.0,8309
2021-06-10 23:30:00,630,0.0,25558,25752,0.0,627,3,0,0.0,8349
2021-06-10 23:40:00,626,0.0,25341,25524,0.0,623,3,0,0.0,8326
2021-06-10 23:50:00,616,0.0,25159,25292,0.0,613,3,0,0.0,8433
2021-06-11 00:00:00,608,548.3,25010,25193,0.0,605,3,8438,548.3,8499
2021-06-11 00:10:00,582,0.0,24881,24935,0.0,579,3,0,0.0,8495
2021-06-11 00:20:00,558,0.0,24757,24759,0.0,555,3,0,0.0,8573
2021-06-11 00:30:00,546,0.0,24639,24450,0.0,543,3,0,0.0,8528
2021-06-11 00:40:00,534,0.0,24526,24581,0.0,531,3,0,0.0,8599
2021-06-11 00:50:00,522,0.0,24418,24105,0.0,519,3,0,0.0,8530
2021-06-11 01:00:00,494,492.7,24315,24032,0.0,492,2,8433,492.7,8485
2021-06-11 01:10:00,479,0.0,24221,24229,0.0,477,2,0,0.0,8450
2021-06-11 01:20:00,464,0.0,24139,23879,0.0,461,3,0,0.0,8455
2021-06-11 01:30:00,449,0.0,24069,24050,0.0,447,2,0,0.0,8558
2021-06-11 01:40:00,447,0.0,24011,23800,0.0,444,3,0,0.0,8643
2021-06-11 01:50:00,435,0.0,23965,23807,0.0,433,2,0,0.0,8700
2021-06-11 02:00:00,421,416.3,23930,23794,0.0,419,2,8659,416.3,8736
2021-06-11 02:10:00,395,0.0,23904,23783,0.0,393,2,0,0.0,8754
2021-06-11 02:20:00,380,0.0,23881,23633,0.0,378,2,0,0.0,8732
2021-06-11 02:30:00,373,0.0,23861,23745,0.0,370,3,0,0.0,8812
2021-06-11 02:40:00,367,0.0,23844,23650,0.0,364,3,0,0.0,8816
2021-06-11 02:50:00,356,0.0,23830,23953,0.0,354,2,0,0.0,8780
2021-06-11 03:00:00,349,326.5,23820,23845,0.0,347,2,8698,326.5,8804
2021-06-11 03:10:00,330,0.0,23837,23921,0.0,327,3,0,0.0,8770
2021-06-11 03:20:00,319,0.0,23905,23900,0.0,316,3,0,0.0,8698
2021-06-11 03:30:00,296,0.0,24025,24028,0.0,293,3,0,0.0,8613
2021-06-11 03:40:00,253,0.0,24196,24330,0.0,251,2,0,0.0,8477
2021-06-11 03:50:00,214,0.0,24420,24188,0.0,212,2,0,0.0,8456
2021-06-11 04:00:00,148,240.9,24695,24501,79.7,145,3,8295,161.2,8419
2021-06-11 04:10:00,123,0.0,25005,25348,0.0,118,5,0,0.0,8355
2021-06-11 04:20:00,113,0.0,25334,25683,0.0,108,5,0,0.0,8324
2021-06-11 04:30:00,114,0.0,25682,25794,0.0,109,5,0,0.0,8271
2021-06-11 04:40:00,116,0.0,26048,25831,0.0,109,7,0,0.0,8199
2021-06-11 04:50:00,126,0.0,26434,26294,0.0,109,17,0,0.0,8138
2021-06-11 05:00:00,157,767.2,26839,26427,701.2,104,53,7901,66.0,8097
2021-06-11 05:10:00,226,0.0,27246,27565,0.0,91,135,0,0.0,8035
2021-06-11 05:20:00,327,0.0,27638,27883,0.0,65,262,0,0.0,7884
2021-06-11 05:30:00,523,0.0,28015,28099,0.0,67,456,0,0.0,7683
2021-06-11 05:40:00,776,0.0,28378,28735,0.0,75,701,0,0.0,7470
2021-06-11 05:50:00,1086,0.0,28726,28897,0.0,78,1008,0,0.0,7362
2021-06-11 06:00:00,1422,2928.8,29059,28895,2776.2,81,1341,6833,152.6,7226
2021-06-11 06:10:00,1831,0.0,29372,29621,0.0,85,1746,0,0.0,7005
2021-06-11 06:20:00,2291,0.0,29660,29914,0.0,89,2202,0,0.0,6756
2021-06-11 06:30:00,2727,0.0,29921,30025,0.0,98,2629,0,0.0,6633
2021-06-11 06:40:00,3174,0.0,30156,30174,0.0,115,3059,0,0.0,6413
2021-06-11 06:50:00,3614,0.0,30366,30491,0.0,153,3461,0,0.0,6284
2021-06-11 07:00:00,4203,6057.3,30551,30340,4946.1,213,3990,5973,1111.2,6109
2021-06-11 07:10:00,4766,0.0,30715,30565,0.0,406,4360,0,0.0,6016
2021-06-11 07:20:00,5328,0.0,30866,30867,0.0,637,4691,0,0.0,5965
2021-06-11 07:30:00,5974,0.0,31004,30857,0.0,966,5008,0,0.0,5982
2021-06-11 07:40:00,6552,0.0,31129,31300,0.0,1206,5346,0,0.0,5913
2021-06-11 07:50:00,7024,0.0,31240,31244,0.0,1380,5644,0,0.0,5903
2021-06-11 08:00:00,7569,8160.0,31339,31128,6434.5,1534,6035,5753,1725.5,5850
2021-06-11 08:10:00,7747,0.0,31429,31381,0.0,1621,6126,0,0.0,5827
2021-06-11 08:20:00,8259,0.0,31518,31322,0.0,1697,6562,0,0.0,5788
2021-06-11 08:30:00,8525,0.0,31605,31705,0.0,1760,6765,0,0.0,5757
2021-06-11 08:40:00,8904,0.0,31690,31840,0.0,1816,7088,0,0.0,5828
2021-06-11 08:50:00,9229,0.0,31774,31933,0.0,1858,7371,0,0.0,5867
2021-06-11 09:00:00,9505,9442.6,31856,32023,7538.0,1939,7566,5925,1904.6,5857
2021-06-11 09:10:00,9782,0.0,31945,32105,0.0,1986,7796,0,0.0,5907
2021-06-11 09:20:00,9924,0.0,32049,32142,0.0,2023,7901,0,0.0,5971
2021-06-11 09:30:00,10038,0.0,32170,32265,0.0,2034,8004,0,0.0,6046
2021-06-11 09:40:00,10073,0.0,32306,32420,0.0,2050,8023,0,0.0,6137
2021-06-11 09:50:00,10245,0.0,32458,32770,0.0,2050,8195,0,0.0,6216
2021-06-11 10:00:00,10369,10247.7,32626,32540,8255.5,2045,8324,6147,1992.2,6159
2021-06-11 10:10:00,10421,0.0,32789,33055,0.0,2043,8378,0,0.0,6136
2021-06-11 10:20:00,10513,0.0,32927,32805,0.0,2057,8456,0,0.0,6121
2021-06-11 10:30:00,10571,0.0,33041,33020,0.0,2054,8517,0,0.0,6158
2021-06-11 10:40:00,10637,0.0,33131,33294,0.0,2059,8578,0,0.0,6143
2021-06-11 10:50:00,10702,0.0,33196,33179,0.0,2066,8636,0,0.0,6159
2021-06-11 11:00:00,10706,10709.2,33236,32964,8684.8,2060,8646,6396,2024.4,6190
2021-06-11 11:10:00,10687,0.0,33257,33358,0.0,2063,8624,0,0.0,6288
2021-06-11 11:20:00,10738,0.0,33266,33260,0.0,2066,8672,0,0.0,6309
2021-06-11 11:30:00,10770,0.0,33263,33249,0.0,2069,8701,0,0.0,6468
2021-06-11 11:40:00,10779,0.0,33246,33411,0.0,2070,8709,0,0.0,6614
2021-06-11 11:50:00,10777,0.0,33217,33274,0.0,2073,8704,0,0.0,6657
2021-06-11 12:00:00,10735,10729.4,33175,33037,8754.8,2065,8670,6989,1974.6,6716
2021-06-11 12:10:00,10668,0.0,33116,33108,0.0,2068,8600,0,0.0,6910
2021-06-11 12:20:00,10721,0.0,33037,33302,0.0,2052,8669,0,0.0,7018
2021-06-11 12:30:00,10603,0.0,32935,32713,0.0,2047,8556,0,0.0,7252
2021-06-11 12:40:00,10532,0.0,32813,33011,0.0,2044,8488,0,0.0,7360
2021-06-11 12:50:00,10337,0.0,32670,32430,0.0,2058,8279,0,0.0,7451
2021-06-11 13:00:00,10287,10252.3,32504,32415,8290.5,2048,8239,7775,1961.8,7581
2021-06-11 13:10:00,10332,0.0,32340,32227,0.0,2032,8300,0,0.0,7753
2021-06-11 13:20:00,10015,0.0,32197,31988,0.0,2010,8005,0,0.0,7934
2021-06-11 13:30:00,9906,0.0,32076,31991,0.0,1984,7922,0,0.0,8054
2021-06-11 13:40:00,9796,0.0,31977,32040,0.0,1945,7851,0,0.0,8209
2021-06-11 13:50:00,9619,0.0,31899,32115,0.0,1897,7722,0,0.0,8441
2021-06-11 14:00:00,9255,9501.9,31843,31632,7568.2,1852,7403,9017,1933.7,8637
2021-06-11 14:10:00,9377,0.0,31802,31701,0.0,1791,7586,0,0.0,8961
2021-06-11 14:20:00,8990,0.0,31769,31678,0.0,1781,7209,0,0.0,9083
2021-06-11 14:30:00,8883,0.0,31744,31855,0.0,1788,7095,0,0.0,9130
2021-06-11 14:40:00,8735,0.0,31728,31735,0.0,1809,6926,0,0.0,9276
2021-06-11 14:50:00,8589,0.0,31719,31604,0.0,1789,6800,0,0.0,9464
2021-06-11 15:00:00,8503,7815.0,31718,31601,6005.7,1776,6727,9635,1809.3,9555
2021-06-11 15:10:00,8299,0.0,31705,31458,0.0,1761,6538,0,0.0,9620
2021-06-11 15:20:00,7980,0.0,31657,31407,0.0,1773,6207,0,0.0,9823
2021-06-11 15:30:00,7881,0.0,31575,31219,0.0,1785,6096,0,0.0,9954
2021-06-11 15:40:00,7937,0.0,31459,31241,0.0,1775,6162,0,0.0,9908
2021-06-11 15:50:00,7737,0.0,31308,31282,0.0,1752,5985,0,0.0,9927
2021-06-11 16:00:00,7604,6122.5,31123,31110,4478.1,1745,5859,10133,1644.4,10035
2021-06-11 16:10:00,7253,0.0,30938,30830,0.0,1749,5504,0,0.0,10250
2021-06-11 16:20:00,6944,0.0,30783,30769,0.0,1786,5158,0,0.0,10179
2021-06-11 16:30:00,6584,0.0,30661,30500,0.0,1814,4770,0,0.0,10248
2021-06-11 16:40:00,6524,0.0,30570,30653,0.0,1820,4704,0,0.0,10436
2021-06-11 16:50:00,6337,0.0,30511,30670,0.0,1795,4542,0,0.0,10577
2021-06-11 17:00:00,6078,4675.8,30484,30336,3221.1,1747,4331,11063,1454.7,10750
2021-06-11 17:10:00,5667,0.0,30462,30388,0.0,1720,3947,0,0.0,11050
2021-06-11 17:20:00,5259,0.0,30420,30361,0.0,1705,3554,0,0.0,11464
2021-06-11 17:30:00,4922,0.0,30357,30307,0.0,1698,3224,0,0.0,11436
2021-06-11 17:40:00,4479,0.0,30273,30260,0.0,1677,2802,0,0.0,11741
2021-06-11 17:50:00,4052,0.0,30168,30238,0.0,1660,2392,0,0.0,11444
2021-06-11 18:00:00,3733,2378.1,30043,29910,1254.0,1621,2112,10602,1124.1,11049
2021-06-11 18:10:00,3264,0.0,29916,29805,0.0,1549,1715,0,0.0,10745
2021-06-11 18:20:00,2858,0.0,29804,29941,0.0,1423,1435,0,0.0,10357
2021-06-11 18:30:00,2438,0.0,29708,29934,0.0,1270,1168,0,0.0,10040
2021-06-11 18:40:00,2077,0.0,29628,29757,0.0,1150,927,0,0.0,9780
2021-06-11 18:50:00,1724,0.0,29563,29617,0.0,1042,682,0,0.0,9790
2021-06-11 19:00:00,1459,855.8,29516,29481,110.3,964,495,9496,745.5,9466
2021-06-11 19:10:00,1225,0.0,29486,29633,0.0,890,335,0,0.0,9456
2021-06-11 19:20:00,1056,0.0,29476,29549,0.0,833,223,0,0.0,9484
2021-06-11 19:30:00,940,0.0,29488,29511,0.0,792,148,0,0.0,9462
2021-06-11 19:40:00,861,0.0,29521,29568,0.0,748,113,0,0.0,9846
2021-06-11 19:50:00,798,0.0,29574,29722,0.0,695,103,0,0.0,9931
2021-06-11 20:00:00,734,571.0,29649,29026,0.0,634,100,10151,571.0,10091
2021-06-11 20:10:00,635,0.0,29678,29464,0.0,633,2,0,0.0,10135
2021-06-11 20:20:00,629,0.0,29599,29341,0.0,627,2,0,0.0,10349
2021-06-11 20:30:00,626,0.0,29409,29093,0.0,624,2,0,0.0,10247
2021-06-11 20:40:00,624,0.0,29110,28809,0.0,623,1,0,0.0,10157
2021-06-11 20:50:00,621,0.0,28702,28007,0.0,620,1,0,0.0,10046
2021-06-11 21:00:00,621,549.4,28182,28031,0.0,619,2,9383,549.4,9730
2021-06-11 21:10:00,620,0.0,27659,27476,0.0,618,2,0,0.0,9532
2021-06-11 21:20:00,619,0.0,27238,27269,0.0,617,2,0,0.0,9260
2021-06-11 21:30:00,619,0.0,26916,26813,0.0,616,3,0,0.0,8967
2021-06-11 21:40:00,610,0.0,26696,26413,0.0,608,2,0,0.0,8630
2021-06-11 21:50:00,602,0.0,26577,26614,0.0,600,2,0,0.0,8126
2021-06-11 22:00:00,587,570.9,26558,26077,0.0,585,2,7426,570.9,7702
2021-06-11 22:10:00,585,0.0,26566,26807,0.0,583,2,0,0.0,7308
2021-06-11 22:20:00,585,0.0,26525,26498,0.0,583,2,0,0.0,7130
2021-06-11 22:30:00,585,0.0,26434,26501,0.0,583,2,0,0.0,7227
2021-06-11 22:40:00,583,0.0,26295,26431,0.0,581,2,0,0.0,7282
2021-06-11 22:50:00,585,0.0,26106,25955,0.0,583,2,0,0.0,7294
2021-06-11 23:00:00,584,528.8,25869,25746,0.0,582,2,7388,528.8,7294
2021-06-11 23:10:00,585,0.0,25611,25505,0.0,583,2,0,0.0,7345
2021-06-11 23:20:00,584,0.0,25361,25137,0.0,582,2,0,0.0,7230
2021-06-11 23:30:00,584,0.0,25119,25023,0.0,582,2,0,0.0,6974
2021-06-11 23:40:00,580,0.0,24885,25020,0.0,578,2,0,0.0,6920
2021-06-11 23:50:00,569,0.0,24659,24838,0.0,567,2,0,0.0,6826
2021-06-12 00:00:00,553,474.9,24441,24545,0.0,551,2,6743,474.9,6757
2021-06-12 00:10:00,549,0.0,24237,24241,0.0,547,2,0,0.0,6686
2021-06-12 00:20:00,548,0.0,24055,24216,0.0,546,2,0,0.0,6593
2021-06-12 00:30:00,547,0.0,23893,23940,0.0,545,2,0,0.0,6496
2021-06-12 00:40:00,546,0.0,23753,23767,0.0,545,1,0,0.0,6590
2021-06-12 00:50:00,547,0.0,23633,23751,0.0,545,2,0,0.0,6664
2021-06-12 01:00:00,547,458.7,23534,23559,0.0,545,2,6879,458.7,6809
2021-06-12 01:10:00,547,0.0,23446,23460,0.0,545,2,0,0.0,6858
2021-06-12 01:20:00,546,0.0,23361,23435,0.0,544,2,0,0.0,6951
2021-06-12 01:30:00,544,0.0,23277,23207,0.0,543,1,0,0.0,7053
2021-06-12 01:40:00,543,0.0,23195,23160,0.0,541,2,0,0.0,7060
2021-06-12 01:50:00,536,0.0,23115,23165,0.0,534,2,0,0.0,7062
2021-06-12 02:00:00,522,358.1,23036,22739,0.0,521,1,7210,358.1,7126
2021-06-12 02:10:00,507,0.0,22963,23173,0.0,506,1,0,0.0,7170
2021-06-12 02:20:00,480,0.0,22901,23053,0.0,478,2,0,0.0,7335
2021-06-12 02:30:00,450,0.0,22850,23184,0.0,449,1,0,0.0,7408
2021-06-12 02:40:00,411,0.0,22809,22853,0.0,410,1,0,0.0,7513
2021-06-12 02:50:00,362,0.0,22778,22747,0.0,361,1,0,0.0,7714
2021-06-12 03:00:00,312,233.9,22758,22568,0.0,311,1,7782,233.9,7853
2021-06-12 03:10:00,276,0.0,22741,22651,0.0,274,2,0,0.0,7888
2021-06-12 03:20:00,241,0.0,22721,22864,0.0,240,1,0,0.0,7734
2021-06-12 03:30:00,187,0.0,22697,22745,0.0,186,1,0,0.0,7785
2021-06-12 03:40:00,178,0.0,22669,22748,0.0,176,2,0,0.0,7665
2021-06-12 03:50:00,160,0.0,22639,22469,0.0,158,2,0,0.0,7675
2021-06-12 04:00:00,157,213.3,22604,22700,33.3,155,2,7574,180.0,7629
2021-06-12 04:10:00,252,0.0,22576,23179,0.0,154,98,0,0.0,7565
2021-06-12 04:20:00,249,0.0,22564,22832,0.0,151,98,0,0.0,7547
2021-06-12 04:30:00,237,0.0,22568,22564,0.0,139,98,0,0.0,7534
2021-06-12 04:40:00,234,0.0,22589,22685,0.0,130,104,0,0.0,7350
2021-06-12 04:50:00,243,0.0,22625,22554,0.0,116,127,0,0.0,7376
2021-06-12 05:00:00,294,837.3,22678,22602,743.4,110,184,6982,93.9,7218
2021-06-12 05:10:00,398,0.0,22764,22893,0.0,101,297,0,0.0,7101
2021-06-12 05:20:00,526,0.0,22902,23355,0.0,81,445,0,0.0,6892
2021-06-12 05:30:00,748,0.0,23091,23180,0.0,63,685,0,0.0,6687
2021-06-12 05:40:00,1017,0.0,23332,23443,0.0,62,955,0,0.0,6512
2021-06-12 05:50:00,1328,0.0,23624,23588,0.0,60,1268,0,0.0,6458
2021-06-12 06:00:00,1653,2976.3,23968,24008,2851.4,58,1595,6008,124.9,6358
2021-06-12 06:10:00,2104,0.0,24324,24623,0.0,56,2048,0,0.0,6139
2021-06-12 06:20:00,2587,0.0,24652,24968,0.0,58,2529,0,0.0,5869
2021-06-12 06:30:00,3128,0.0,24954,25218,0.0,59,3069,0,0.0,5655
2021-06-12 06:40:00,3655,0.0,25228,25403,0.0,83,3572,0,0.0,5526
2021-06-12 06:50:00,4147,0.0,25475,25667,0.0,148,3999,0,0.0,5313
2021-06-12 07:00:00,4708,6051.7,25696,25982,5107.1,264,4444,5325,944.6,5305
2021-06-12 07:10:00,5284,0.0,25921,26941,0.0,405,4879,0,0.0,5302
2021-06-12 07:20:00,5866,0.0,26185,26993,0.0,616,5250,0,0.0,5264
2021-06-12 07:30:00,6426,0.0,26486,27054,0.0,855,5571,0,0.0,5316
2021-06-12 07:40:00,6725,0.0,26825,27360,0.0,1036,5689,0,0.0,5439
2021-06-12 07:50:00,7095,0.0,27203,27700,0.0,1196,5899,0,0.0,5507
2021-06-12 08:00:00,7504,8691.9,27619,27760,7009.7,1346,6158,5393,1682.2,5413
2021-06-12 08:10:00,7906,0.0,28019,27922,0.0,1466,6440,0,0.0,5366
2021-06-12 08:20:00,8327,0.0,28350,28349,0.0,1586,6741,0,0.0,5394
2021-06-12 08:30:00,8684,0.0,28611,28331,0.0,1688,6996,0,0.0,5402
2021-06-12 08:40:00,8964,0.0,28803,28394,0.0,1746,7218,0,0.0,5395
2021-06-12 08:50:00,9164,0.0,28926,28763,0.0,1738,7426,0,0.0,5401
2021-06-12 09:00:00,9415,9803.2,28979,28547,7918.7,1775,7640,5672,1884.5,5479
2021-06-12 09:10:00,9575,0.0,28997,28684,0.0,1817,7758,0,0.0,5587
2021-06-12 09:20:00,9688,0.0,29012,28860,0.0,1857,7831,0,0.0,5674
2021-06-12 09:30:00,9757,0.0,29025,28826,0.0,1880,7877,0,0.0,5808
2021-06-12 09:40:00,9950,0.0,29036,28829,0.0,1892,8058,0,0.0,6011
2021-06-12 09:50:00,10010,0.0,29044,28835,0.0,1875,8135,0,0.0,6155
2021-06-12 10:00:00,10248,10208.5,29050,28902,8314.1,1919,8329,6417,1894.4,6275
2021-06-12 10:10:00,10192,0.0,29064,29085,0.0,1954,8238,0,0.0,6396
2021-06-12 10:20:00,10201,0.0,29094,29152,0.0,1948,8253,0,0.0,6474
2021-06-12 10:30:00,10185,0.0,29141,29298,0.0,1914,8271,0,0.0,6402
2021-06-12 10:40:00,10406,0.0,29205,29334,0.0,1931,8475,0,0.0,6529
2021-06-12 10:50:00,10655,0.0,29286,29239,0.0,1922,8733,0,0.0,6451
2021-06-12 11:00:00,10630,10408.3,29383,29458,8519.5,1940,8690,6635,1888.8,6449
2021-06-12 11:10:00,10734,0.0,29479,29249,0.0,1932,8802,0,0.0,6536
2021-06-12 11:20:00,10569,0.0,29556,29434,0.0,1918,8651,0,0.0,6686
2021-06-12 11:30:00,10676,0.0,29612,29719,0.0,1869,8807,0,0.0,6677
2021-06-12 11:40:00,10684,0.0,29649,29591,0.0,1851,8833,0,0.0,6656
2021-06-12 11:50:00,10526,0.0,29666,29558,0.0,1801,8725,0,0.0,6707
2021-06-12 12:00:00,10557,10591.2,29663,29358,8730.8,1781,8776,6885,1860.4,6795
2021-06-12 12:10:00,10404,0.0,29621,29244,0.0,1799,8605,0,0.0,6861
2021-06-12 12:20:00,10185,0.0,29519,29185,0.0,1827,8358,0,0.0,6921
2021-06-12 12:30:00,10237,0.0,29359,28824,0.0,1832,8405,0,0.0,6952
2021-06-12 12:40:00,10208,0.0,29139,28823,0.0,1813,8395,0,0.0,6927
2021-06-12 12:50:00,10262,0.0,28860,28581,0.0,1807,8455,0,0.0,6873
2021-06-12 13:00:00,9959,10139.9,28521,28424,8370.7,1785,8174,6985,1769.2,6895
2021-06-12 13:10:00,9574,0.0,28179,27993,0.0,1741,7833,0,0.0,6972
2021-06-12 13:20:00,9378,0.0,27889,28013,0.0,1704,7674,0,0.0,6865
2021-06-12 13:30:00,9475,0.0,27652,27731,0.0,1681,7794,0,0.0,6960
2021-06-12 13:40:00,9479,0.0,27467,27981,0.0,1661,7818,0,0.0,7011
2021-06-12 13:50:00,9447,0.0,27335,27762,0.0,1616,7831,0,0.0,7066
2021-06-12 14:00:00,9398,9257.8,27255,27373,7575.8,1581,7817,7155,1682.0,7070
2021-06-12 14:10:00,9286,0.0,27204,27615,0.0,1546,7740,0,0.0,7135
2021-06-12 14:20:00,8887,0.0,27159,27247,0.0,1550,7337,0,0.0,7080
2021-06-12 14:30:00,8480,0.0,27120,27434,0.0,1555,6925,0,0.0,7250
2021-06-12 14:40:00,8185,0.0,27088,27342,0.0,1514,6671,0,0.0,7274
2021-06-12 14:50:00,8067,0.0,27061,27402,0.0,1471,6596,0,0.0,7201
2021-06-12 15:00:00,8086,7856.4,27041,27115,6392.4,1504,6582,7246,1464.0,7206
2021-06-12 15:10:00,7799,0.0,27020,27199,0.0,1507,6292,0,0.0,7242
2021-06-12 15:20:00,7561,0.0,26994,27143,0.0,1473,6088,0,0.0,7285
2021-06-12 15:30:00,7674,0.0,26961,27143,0.0,1428,6246,0,0.0,7239
2021-06-12 15:40:00,7842,0.0,26922,27324,0.0,1389,6453,0,0.0,7284
2021-06-12 15:50:00,7339,0.0,26876,27160,0.0,1330,6009,0,0.0,7365
2021-06-12 16:00:00,7284,6460.2,26825,27243,5084.7,1270,6014,7361,1375.5,7266
2021-06-12 16:10:00,6952,0.0,26780,26884,0.0,1222,5730,0,0.0,7316
2021-06-12 16:20:00,6689,0.0,26754,26826,0.0,1189,5500,0,0.0,7335
2021-06-12 16:30:00,6165,0.0,26747,26929,0.0,1111,5054,0,0.0,7303
2021-06-12 16:40:00,5691,0.0,26760,27101,0.0,1051,4640,0,0.0,7414
2021-06-12 16:50:00,5445,0.0,26793,27224,0.0,1003,4442,0,0.0,7437
2021-06-12 17:00:00,5067,4680.7,26844,26937,3403.0,958,4109,7676,1277.7,7536
2021-06-12 17:10:00,4754,0.0,26901,27276,0.0,941,3813,0,0.0,7635
2021-06-12 17:20:00,4399,0.0,26948,27112,0.0,908,3491,0,0.0,7621
2021-06-12 17:30:00,4091,0.0,26986,27066,0.0,885,3206,0,0.0,7492
2021-06-12 17:40:00,3849,0.0,27015,27344,0.0,867,2982,0,0.0,7655
2021-06-12 17:50:00,3489,0.0,27035,27304,0.0,828,2661,0,0.0,7895
2021-06-12 18:00:00,3201,2119.3,27045,27207,1332.6,774,2427,7803,786.7,7817
2021-06-12 18:10:00,2810,0.0,27057,27398,0.0,725,2085,0,0.0,7746
2021-06-12 18:20:00,2450,0.0,27082,27311,0.0,682,1768,0,0.0,7770
2021-06-12 18:30:00,2121,0.0,27120,27477,0.0,654,1467,0,0.0,7730
2021-06-12 18:40:00,1805,0.0,27171,27357,0.0,615,1190,0,0.0,7759
2021-06-12 18:50:00,1544,0.0,27235,27509,0.0,577,967,0,0.0,7821
2021-06-12 19:00:00,1337,561.5,27312,27256,140.1,566,771,7827,421.4,7810
2021-06-12 19:10:00,1145,0.0,27399,27321,0.0,551,594,0,0.0,7871
2021-06-12 19:20:00,994,0.0,27492,27696,0.0,516,478,0,0.0,7791
2021-06-12 19:30:00,908,0.0,27590,27694,0.0,505,403,0,0.0,7934
2021-06-12 19:40:00,871,0.0,27694,27811,0.0,495,376,0,0.0,8151
2021-06-12 19:50:00,672,0.0,27803,27770,0.0,483,189,0,0.0,8180
2021-06-12 20:00:00,668,241.8,27919,27742,0.0,482,186,8266,241.8,8255
2021-06-12 20:10:00,511,0.0,27989,27783,0.0,470,41,0,0.0,8296
2021-06-12 20:20:00,502,0.0,27962,27726,0.0,461,41,0,0.0,8251
2021-06-12 20:30:00,488,0.0,27839,27520,0.0,447,41,0,0.0,8255
2021-06-12 20:40:00,487,0.0,27620,27295,0.0,446,41,0,0.0,8276
2021-06-12 20:50:00,486,0.0,27304,27144,0.0,445,41,0,0.0,8218
2021-06-12 21:00:00,485,293.9,26891,26779,0.0,444,41,7999,293.9,8142
2021-06-12 21:10:00,483,0.0,26457,26233,0.0,442,41,0,0.0,8065
2021-06-12 21:20:00,483,0.0,26074,25962,0.0,442,41,0,0.0,8034
2021-06-12 21:30:00,483,0.0,25744,25624,0.0,442,41,0,0.0,8036
2021-06-12 21:40:00,482,0.0,25465,25337,0.0,441,41,0,0.0,8009
2021-06-12 21:50:00,483,0.0,25239,25403,0.0,442,41,0,0.0,7910
2021-06-12 22:00:00,483,306.1,25064,24801,0.0,441,42,7860,306.1,7931
2021-06-12 22:10:00,481,0.0,24905,25075,0.0,440,41,0,0.0,7967
2021-06-12 22:20:00,439,0.0,24727,24780,0.0,437,2,0,0.0,7954
2021-06-12 22:30:00,431,0.0,24529,24398,0.0,428,3,0,0.0,7876
2021-06-12 22:40:00,405,0.0,24311,24298,0.0,402,3,0,0.0,7769
2021-06-12 22:50:00,371,0.0,24073,23779,0.0,369,2,0,0.0,7538
2021-06-12 23:00:00,331,255.5,23814,23505,0.0,328,3,6933,255.5,7349
2021-06-12 23:10:00,317,0.0,23555,23534,0.0,315,2,0,0.0,7175
2021-06-12 23:20:00,310,0.0,23314,23081,0.0,308,2,0,0.0,6973
2021-06-12 23:30:00,302,0.0,23089,22665,0.0,299,3,0,0.0,6796
2021-06-12 23:40:00,301,0.0,22882,22680,0.0,298,3,0,0.0,6634
2021-06-12 23:50:00,301,0.0,22691,22605,0.0,299,2,0,0.0,6457
2021-06-13 00:00:00,302,252.1,22518,22062,0.0,299,3,5775,252.1,6277
2021-06-13 00:10:00,299,0.0,22354,22323,0.0,297,2,0,0.0,6011
2021-06-13 00:20:00,286,0.0,22193,22027,0.0,283,3,0,0.0,5930
2021-06-13 00:30:00,268,0.0,22033,21895,0.0,265,3,0,0.0,5823
2021-06-13 00:40:00,256,0.0,21875,21832,0.0,253,3,0,0.0,5627
2021-06-13 00:50:00,239,0.0,21719,21723,0.0,237,2,0,0.0,5514
2021-06-13 01:00:00,211,192.4,21565,21693,0.0,208,3,5008,192.4,5348
2021-06-13 01:10:00,185,0.0,21423,21462,0.0,182,3,0,0.0,5296
2021-06-13 01:20:00,173,0.0,21304,21541,0.0,171,2,0,0.0,5017
2021-06-13 01:30:00,154,0.0,21208,21449,0.0,151,3,0,0.0,4835
2021-06-13 01:40:00,143,0.0,21135,21247,0.0,140,3,0,0.0,4759
2021-06-13 01:50:00,129,0.0,21085,21123,0.0,127,2,0,0.0,4595
2021-06-13 02:00:00,105,168.2,21057,21203,0.0,102,3,4149,168.2,4424
2021-06-13 02:10:00,98,0.0,21039,21010,0.0,95,3,0,0.0,4221
2021-06-13 02:20:00,97,0.0,21015,21042,0.0,95,2,0,0.0,4050
2021-06-13 02:30:00,97,0.0,20988,20989,0.0,95,2,0,0.0,3824
2021-06-13 02:40:00,97,0.0,20955,20781,0.0,95,2,0,0.0,3527
2021-06-13 02:50:00,96,0.0,20918,20714,0.0,94,2,0,0.0,3302
2021-06-13 03:00:00,93,122.2,20876,20528,0.0,90,3,3072,122.2,3228
2021-06-13 03:10:00,75,0.0,20833,20804,0.0,72,3,0,0.0,3037
2021-06-13 03:20:00,63,0.0,20795,20559,0.0,61,2,0,0.0,2919
2021-06-13 03:30:00,42,0.0,20761,20778,0.0,40,2,0,0.0,2786
2021-06-13 03:40:00,42,0.0,20731,20874,0.0,39,3,0,0.0,2718
2021-06-13 03:50:00,41,0.0,20706,20958,0.0,39,2,0,0.0,2631
2021-06-13 04:00:00,43,100.8,20684,20595,29.7,40,3,2470,71.1,2583
2021-06-13 04:10:00,183,0.0,20665,21033,0.0,39,144,0,0.0,2526
2021-06-13 04:20:00,184,0.0,20644,21212,0.0,39,145,0,0.0,2565
2021-06-13 04:30:00,184,0.0,20623,20854,0.0,39,145,0,0.0,2577
2021-06-13 04:40:00,191,0.0,20602,20901,0.0,40,151,0,0.0,2550
2021-06-13 04:50:00,217,0.0,20580,20577,0.0,40,177,0,0.0,2517
2021-06-13 05:00:00,261,817.7,20557,20209,767.9,41,220,2473,49.8,2514
2021-06-13 05:10:00,340,0.0,20554,20455,0.0,42,298,0,0.0,2519
2021-06-13 05:20:00,459,0.0,20591,20534,0.0,28,431,0,0.0,2533
2021-06-13 05:30:00,652,0.0,20667,20804,0.0,27,625,0,0.0,2570
2021-06-13 05:40:00,901,0.0,20783,20894,0.0,31,870,0,0.0,2617
2021-06-13 05:50:00,1213,0.0,20938,21008,0.0,37,1176,0,0.0,2668
2021-06-13 06:00:00,1561,3042.0,21134,21179,2951.9,43,1518,2592,90.1,2682
2021-06-13 06:10:00,1975,0.0,21358,21289,0.0,46,1929,0,0.0,2659
2021-06-13 06:20:00,2420,0.0,21596,21610,0.0,54,2366,0,0.0,2662
2021-06-13 06:30:00,2947,0.0,21851,21901,0.0,63,2884,0,0.0,2618
2021-06-13 06:40:00,3389,0.0,22121,22138,0.0,81,3308,0,0.0,2529
2021-06-13 06:50:00,3880,0.0,22406,22354,0.0,115,3765,0,0.0,2451
2021-06-13 07:00:00,4336,5905.7,22709,22479,5184.6,180,4156,2380,721.1,2335
2021-06-13 07:10:00,4799,0.0,23013,23153,0.0,300,4499,0,0.0,2293
2021-06-13 07:20:00,5382,0.0,23307,23280,0.0,423,4959,0,0.0,2307
2021-06-13 07:30:00,5964,0.0,23590,23344,0.0,573,5391,0,0.0,2329
2021-06-13 07:40:00,6277,0.0,23864,23875,0.0,710,5567,0,0.0,2349
2021-06-13 07:50:00,6695,0.0,24128,24016,0.0,867,5828,0,0.0,2442
2021-06-13 08:00:00,7059,8387.0,24382,24152,6890.1,994,6065,2757,1496.9,2528
2021-06-13 08:10:00,7425,0.0,24619,24552,0.0,1083,6342,0,0.0,2667
2021-06-13 08:20:00,7688,0.0,24836,24802,0.0,1154,6534,0,0.0,2865
2021-06-13 08:30:00,7952,0.0,25032,24898,0.0,1220,6732,0,0.0,2974
2021-06-13 08:40:00,8137,0.0,25207,25224,0.0,1299,6838,0,0.0,3046
2021-06-13 08:50:00,8409,0.0,25360,25226,0.0,1380,7029,0,0.0,3091
2021-06-13 09:00:00,8725,9428.7,25493,25643,7692.2,1447,7278,3406,1736.5,3161
2021-06-13 09:10:00,9029,0.0,25615,25819,0.0,1514,7515,0,0.0,3214
2021-06-13 09:20:00,9231,0.0,25735,25834,0.0,1601,7630,0,0.0,3251
2021-06-13 09:30:00,9440,0.0,25853,25673,0.0,1676,7764,0,0.0,3329
2021-06-13 09:40:00,9661,0.0,25971,25847,0.0,1760,7901,0,0.0,3411
2021-06-13 09:50:00,9856,0.0,26087,26230,0.0,1850,8006,0,0.0,3524
2021-06-13 10:00:00,10060,9907.2,26202,26093,8098.7,1883,8177,3820,1808.5,3646
2021-06-13 10:10:00,10160,0.0,26316,26430,0.0,1913,8247,0,0.0,3711
2021-06-13 10:20:00,10435,0.0,26432,26526,0.0,1982,8453,0,0.0,3787
2021-06-13 10:30:00,10488,0.0,26549,26486,0.0,2022,8466,0,0.0,3758
2021-06-13 10:40:00,10563,0.0,26667,26578,0.0,2041,8522,0,0.0,3852
2021-06-13 10:50:00,10613,0.0,26786,26602,0.0,2066,8547,0,0.0,3908
2021-06-13 11:00:00,10679,10256.5,26906,26879,8423.1,2068,8611,4052,1833.4,3898
2021-06-13 11:10:00,10614,0.0,27019,26947,0.0,2045,8569,0,0.0,3960
2021-06-13 11:20:00,10699,0.0,27115,27033,0.0,2015,8684,0,0.0,4046
2021-06-13 11:30:00,10626,0.0,27194,27066,0.0,1966,8660,0,0.0,4115
2021-06-13 11:40:00,10556,0.0,27256,27205,0.0,1937,8619,0,0.0,4184
2021-06-13 11:50:00,10470,0.0,27301,27094,0.0,1925,8545,0,0.0,4227
2021-06-13 12:00:00,10473,10427.1,27330,27350,8519.2,1921,8552,4265,1907.9,4238
2021-06-13 12:10:00,10518,0.0,27330,27570,0.0,1930,8588,0,0.0,4215
2021-06-13 12:20:00,10460,0.0,27292,27268,0.0,1902,8558,0,0.0,4346
2021-06-13 12:30:00,10445,0.0,27214,27523,0.0,1882,8563,0,0.0,4292
2021-06-13 12:40:00,10114,0.0,27098,27105,0.0,1817,8297,0,0.0,4352
2021-06-13 12:50:00,10212,0.0,26942,26888,0.0,1802,8410,0,0.0,4356
2021-06-13 13:00:00,10062,9891.6,26747,26359,8070.5,1758,8304,4302,1821.1,4334
2021-06-13 13:10:00,10052,0.0,26538,26429,0.0,1807,8245,0,0.0,4266
2021-06-13 13:20:00,9858,0.0,26340,26182,0.0,1829,8029,0,0.0,4265
2021-06-13 13:30:00,9702,0.0,26152,26055,0.0,1813,7889,0,0.0,4277
2021-06-13 13:40:00,9717,0.0,25975,26018,0.0,1808,7909,0,0.0,4354
2021-06-13 13:50:00,9427,0.0,25808,25747,0.0,1732,7695,0,0.0,4323
2021-06-13 14:00:00,9490,9195.3,25652,25767,7451.2,1717,7773,4402,1744.1,4460
2021-06-13 14:10:00,9102,0.0,25515,25920,0.0,1662,7440,0,0.0,4342
2021-06-13 14:20:00,9018,0.0,25406,25752,0.0,1614,7404,0,0.0,4406
2021-06-13 14:30:00,8745,0.0,25326,25418,0.0,1585,7160,0,0.0,4250
2021-06-13 14:40:00,8697,0.0,25273,25525,0.0,1594,7103,0,0.0,4292
2021-06-13 14:50:00,8468,0.0,25248,25117,0.0,1582,6886,0,0.0,4288
2021-06-13 15:00:00,8234,7983.7,25251,25302,6380.6,1532,6702,4269,1603.1,4267
2021-06-13 15:10:00,8049,0.0,25267,25256,0.0,1469,6580,0,0.0,4205
2021-06-13 15:20:00,7983,0.0,25281,25218,0.0,1523,6460,0,0.0,4207
2021-06-13 15:30:00,8117,0.0,25291,25289,0.0,1534,6583,0,0.0,4097
2021-06-13 15:40:00,7853,0.0,25300,25371,0.0,1572,6281,0,0.0,4038
2021-06-13 15:50:00,7650,0.0,25305,25516,0.0,1614,6036,0,0.0,4029
2021-06-13 16:00:00,7617,6718.7,25308,25611,5285.9,1630,5987,3906,1432.8,3997
2021-06-13 16:10:00,7198,0.0,25322,25521,0.0,1589,5609,0,0.0,3910
2021-06-13 16:20:00,7076,0.0,25360,25674,0.0,1574,5502,0,0.0,3862
2021-06-13 16:30:00,6897,0.0,25424,25585,0.0,1552,5345,0,0.0,3860
2021-06-13 16:40:00,6568,0.0,25513,25539,0.0,1542,5026,0,0.0,3850
2021-06-13 16:50:00,6128,0.0,25626,25710,0.0,1548,4580,0,0.0,3810
2021-06-13 17:00:00,6016,4810.2,25765,25541,3490.1,1536,4480,3769,1320.1,3822
2021-06-13 17:10:00,5734,0.0,25908,26068,0.0,1492,4242,0,0.0,3832
2021-06-13 17:20:00,5292,0.0,26037,26097,0.0,1468,3824,0,0.0,3785
2021-06-13 17:30:00,5021,0.0,26151,25908,0.0,1448,3573,0,0.0,3756
2021-06-13 17:40:00,4767,0.0,26251,25904,0.0,1427,3340,0,0.0,3754
2021-06-13 17:50:00,4477,0.0,26336,26185,0.0,1408,3069,0,0.0,3863
2021-06-13 18:00:00,3964,2368.0,26406,26123,1339.2,1355,2609,3944,1028.8,3859
2021-06-13 18:10:00,3380,0.0,26468,26551,0.0,1293,2087,0,0.0,3953
2021-06-13 18:20:00,2968,0.0,26526,26392,0.0,1213,1755,0,0.0,4070
2021-06-13 18:30:00,2442,0.0,26581,26335,0.0,1098,1344,0,0.0,4253
2021-06-13 18:40:00,2012,0.0,26633,26635,0.0,998,1014,0,0.0,4471
2021-06-13 18:50:00,1692,0.0,26682,26853,0.0,918,774,0,0.0,4526
2021-06-13 19:00:00,1381,844.0,26725,26771,179.6,823,558,4036,664.4,4277
2021-06-13 19:10:00,1186,0.0,26794,27322,0.0,793,393,0,0.0,4185
2021-06-13 19:20:00,1024,0.0,26913,27083,0.0,753,271,0,0.0,4152
2021-06-13 19:30:00,904,0.0,27083,27377,0.0,704,200,0,0.0,4095
2021-06-13 19:40:00,837,0.0,27303,27734,0.0,671,166,0,0.0,4112
2021-06-13 19:50:00,786,0.0,27572,28237,0.0,630,156,0,0.0,4331
2021-06-13 20:00:00,747,490.7,27893,28175,0.0,592,155,4896,490.7,4733
2021-06-13 20:10:00,589,0.0,28170,28248,0.0,579,10,0,0.0,4995
2021-06-13 20:20:00,576,0.0,28309,28240,0.0,566,10,0,0.0,4969
2021-06-13 20:30:00,557,0.0,28311,27993,0.0,548,9,0,0.0,5107
2021-06-13 20:40:00,549,0.0,28175,28122,0.0,539,10,0,0.0,5093
2021-06-13 20:50:00,532,0.0,27902,27853,0.0,523,9,0,0.0,4925
2021-06-13 21:00:00,520,485.9,27491,27323,0.0,510,10,4313,485.9,4647
2021-06-13 21:10:00,508,0.0,27042,27129,0.0,498,10,0,0.0,4336
2021-06-13 21:20:00,494,0.0,26653,26864,0.0,484,10,0,0.0,4135
2021-06-13 21:30:00,488,0.0,26324,26322,0.0,478,10,0,0.0,3822
2021-06-13 21:40:00,482,0.0,26055,26062,0.0,472,10,0,0.0,3598
2021-06-13 21:50:00,481,0.0,25846,25959,0.0,471,10,0,0.0,3387
2021-06-13 22:00:00,471,460.3,25697,25384,0.0,461,10,3750,460.3,3430
2021-06-13 22:10:00,459,0.0,25559,25393,0.0,449,10,0,0.0,3791
2021-06-13 22:20:00,444,0.0,25381,24909,0.0,439,5,0,0.0,3817
2021-06-13 22:30:00,440,0.0,25164,24558,0.0,435,5,0,0.0,3962
2021-06-13 22:40:00,423,0.0,24907,24400,0.0,418,5,0,0.0,3946
2021-06-13 22:50:00,399,0.0,24611,24246,0.0,395,4,0,0.0,3938
2021-06-13 23:00:00,387,343.0,24274,24055,0.0,382,5,3533,343.0,3842
2021-06-13 23:10:00,361,0.0,23939,23907,0.0,356,5,0,0.0,3660
2021-06-13 23:20:00,364,0.0,23644,23438,0.0,359,5,0,0.0,3370
2021-06-13 23:30:00,360,0.0,23389,23494,0.0,355,5,0,0.0,3172
2021-06-13 23:40:00,360,0.0,23175,23271,0.0,355,5,0,0.0,3096
2021-06-13 23:50:00,357,0.0,23001,23023,0.0,353,4,0,0.0,3106
2021-06-14 00:00:00,358,339.8,22867,22891,0.0,353,5,2918,339.8,3041
2021-06-14 00:10:00,357,0.0,22757,22712,0.0,352,5,0,0.0,2896
2021-06-14 00:20:00,358,0.0,22655,22822,0.0,353,5,0,0.0,2906
2021-06-14 00:30:00,359,0.0,22560,22919,0.0,354,5,0,0.0,3047
2021-06-14 00:40:00,359,0.0,22473,22573,0.0,354,5,0,0.0,2970
2021-06-14 00:50:00,358,0.0,22393,22364,0.0,353,5,0,0.0,2906
2021-06-14 01:00:00,357,271.4,22321,22224,0.0,353,4,2564,271.4,2779
2021-06-14 01:10:00,357,0.0,22258,22224,0.0,353,4,0,0.0,2593
2021-06-14 01:20:00,356,0.0,22206,22330,0.0,351,5,0,0.0,2475
2021-06-14 01:30:00,352,0.0,22166,22309,0.0,347,5,0,0.0,2465
2021-06-14 01:40:00,331,0.0,22138,22302,0.0,326,5,0,0.0,2493
2021-06-14 01:50:00,317,0.0,22121,22129,0.0,313,4,0,0.0,2494
2021-06-14 02:00:00,316,300.6,22116,22173,0.0,311,5,2393,300.6,2467
2021-06-14 02:10:00,296,0.0,22119,22276,0.0,292,4,0,0.0,2443
2021-06-14 02:20:00,253,0.0,22128,22183,0.0,248,5,0,0.0,2414
2021-06-14 02:30:00,214,0.0,22142,21975,0.0,211,3,0,0.0,2373
2021-06-14 02:40:00,195,0.0,22162,21653,0.0,192,3,0,0.0,2292
2021-06-14 02:50:00,147,0.0,22188,22143,0.0,144,3,0,0.0,2220
2021-06-14 03:00:00,128,229.1,22219,22130,0.0,125,3,2013,229.1,2137
2021-06-14 03:10:00,111,0.0,22290,22622,0.0,108,3,0,0.0,2038
2021-06-14 03:20:00,106,0.0,22435,22791,0.0,103,3,0,0.0,2018
2021-06-14 03:30:00,106,0.0,22654,22496,0.0,103,3,0,0.0,1961
2021-06-14 03:40:00,107,0.0,22947,23018,0.0,104,3,0,0.0,1941
2021-06-14 03:50:00,106,0.0,23315,22998,0.0,103,3,0,0.0,1963
2021-06-14 04:00:00,106,176.4,23757,23432,46.2,103,3,1901,130.2,1941
2021-06-14 04:10:00,249,0.0,24232,25019,0.0,102,147,0,0.0,1945
2021-06-14 04:20:00,250,0.0,24698,24966,0.0,103,147,0,0.0,1907
2021-06-14 04:30:00,251,0.0,25156,25177,0.0,103,148,0,0.0,1879
2021-06-14 04:40:00,253,0.0,25606,25375,0.0,102,151,0,0.0,1817
2021-06-14 04:50:00,273,0.0,26048,25464,0.0,103,170,0,0.0,1792
2021-06-14 05:00:00,323,847.8,26482,25959,764.2,103,220,1776,83.6,1820
2021-06-14 05:10:00,418,0.0,26914,26862,0.0,103,315,0,0.0,1821
2021-06-14 05:20:00,555,0.0,27352,27309,0.0,102,453,0,0.0,1800
2021-06-14 05:30:00,768,0.0,27796,27881,0.0,100,668,0,0.0,1776
2021-06-14 05:40:00,1044,0.0,28246,28426,0.0,99,945,0,0.0,1778
2021-06-14 05:50:00,1355,0.0,28701,28640,0.0,99,1256,0,0.0,1763
2021-06-14 06:00:00,1691,3023.5,29164,28668,2900.2,99,1592,1521,123.3,1680
2021-06-14 06:10:00,2075,0.0,29597,29364,0.0,88,1987,0,0.0,1606
2021-06-14 06:20:00,2467,0.0,29968,29638,0.0,87,2380,0,0.0,1504
2021-06-14 06:30:00,2863,0.0,30276,29351,0.0,87,2776,0,0.0,1374
2021-06-14 06:40:00,3249,0.0,30522,29841,0.0,71,3178,0,0.0,1251
2021-06-14 06:50:00,3783,0.0,30705,30276,0.0,80,3703,0,0.0,1200
2021-06-14 07:00:00,4203,5902.4,30826,30207,5073.7,120,4083,1030,828.7,1197
2021-06-14 07:10:00,5028,0.0,30922,30783,0.0,229,4799,0,0.0,1154
2021-06-14 07:20:00,5543,0.0,31035,31068,0.0,427,5116,0,0.0,1095
2021-06-14 07:30:00,6192,0.0,31162,30907,0.0,665,5527,0,0.0,1038
2021-06-14 07:40:00,6676,0.0,31305,31178,0.0,916,5760,0,0.0,1060
2021-06-14 07:50:00,7296,0.0,31464,31714,0.0,1160,6136,0,0.0,1020
2021-06-14 08:00:00,7553,8353.6,31638,31671,6811.6,1360,6193,958,1542.0,1021
2021-06-14 08:10:00,8095,0.0,31810,31729,0.0,1575,6520,0,0.0,951
2021-06-14 08:20:00,8444,0.0,31962,31938,0.0,1686,6758,0,0.0,1006
2021-06-14 08:30:00,8750,0.0,32095,32044,0.0,1779,6971,0,0.0,1034
2021-06-14 08:40:00,8836,0.0,32209,32006,0.0,1853,6983,0,0.0,1049
2021-06-14 08:50:00,9177,0.0,32304,32381,0.0,1906,7271,0,0.0,969
2021-06-14 09:00:00,9478,9512.3,32380,32461,7746.1,1927,7551,974,1766.2,930
2021-06-14 09:10:00,9629,0.0,32459,32843,0.0,1958,7671,0,0.0,927
2021-06-14 09:20:00,9780,0.0,32564,32792,0.0,1969,7811,0,0.0,972
2021-06-14 09:30:00,9880,0.0,32696,32835,0.0,1977,7903,0,0.0,1026
2021-06-14 09:40:00,9982,0.0,32855,32896,0.0,1990,7992,0,0.0,1022
2021-06-14 09:50:00,10079,0.0,33041,33110,0.0,1995,8084,0,0.0,1054
2021-06-14 10:00:00,10216,10128.7,33253,33267,8153.9,2005,8211,1129,1974.8,1058
2021-06-14 10:10:00,10230,0.0,33465,33582,0.0,1967,8263,0,0.0,1094
2021-06-14 10:20:00,10054,0.0,33650,33509,0.0,1927,8127,0,0.0,1077
2021-06-14 10:30:00,10402,0.0,33809,33752,0.0,2016,8386,0,0.0,1139
2021-06-14 10:40:00,10479,0.0,33941,33824,0.0,2021,8458,0,0.0,1124
2021-06-14 10:50:00,10557,0.0,34047,34062,0.0,2019,8538,0,0.0,1177
2021-06-14 11:00:00,10599,10541.0,34127,33854,8540.8,2009,8590,1304,2000.2,1221
2021-06-14 11:10:00,10646,0.0,34183,34209,0.0,2002,8644,0,0.0,1252
2021-06-14 11:20:00,10672,0.0,34219,34213,0.0,2000,8672,0,0.0,1341
2021-06-14 11:30:00,10649,0.0,34236,34327,0.0,2010,8639,0,0.0,1369
2021-06-14 11:40:00,10704,0.0,34233,34117,0.0,2007,8697,0,0.0,1369
2021-06-14 11:50:00,10698,0.0,34211,34314,0.0,2002,8696,0,0.0,1360
2021-06-14 12:00:00,10651,10619.6,34168,34087,8660.7,1993,8658,1465,1958.9,1361
2021-06-14 12:10:00,10625,0.0,34113,34304,0.0,1983,8642,0,0.0,1424
2021-06-14 12:20:00,10513,0.0,34051,34558,0.0,1967,8546,0,0.0,1474
2021-06-14 12:30:00,10547,0.0,33982,34099,0.0,1963,8584,0,0.0,1572
2021-06-14 12:40:00,10389,0.0,33906,34158,0.0,1954,8435,0,0.0,1600
2021-06-14 12:50:00,10396,0.0,33823,33891,0.0,1950,8446,0,0.0,1631
2021-06-14 13:00:00,10366,10202.1,33734,33583,8265.1,1931,8435,1750,1937.0,1646
2021-06-14 13:10:00,10251,0.0,33648,33835,0.0,1923,8328,0,0.0,1684
2021-06-14 13:20:00,10205,0.0,33575,33816,0.0,1902,8303,0,0.0,1787
2021-06-14 13:30:00,10011,0.0,33515,33596,0.0,1908,8103,0,0.0,1825
2021-06-14 13:40:00,9851,0.0,33469,33486,0.0,1877,7974,0,0.0,1859
2021-06-14 13:50:00,9731,0.0,33437,33413,0.0,1853,7878,0,0.0,1950
2021-06-14 14:00:00,9702,9461.3,33418,33252,7578.6,1823,7879,2257,1882.7,2051
2021-06-14 14:10:00,9385,0.0,33409,33574,0.0,1809,7576,0,0.0,2151
2021-06-14 14:20:00,9391,0.0,33406,33276,0.0,1797,7594,0,0.0,2302
2021-06-14 14:30:00,9363,0.0,33410,33384,0.0,1759,7604,0,0.0,2415
2021-06-14 14:40:00,9189,0.0,33420,33447,0.0,1719,7470,0,0.0,2520
2021-06-14 14:50:00,9006,0.0,33437,33555,0.0,1679,7327,0,0.0,2637
2021-06-14 15:00:00,9044,8416.3,33460,33357,6618.6,1682,7362,3096,1797.7,2852
2021-06-14 15:10:00,8894,0.0,33472,33435,0.0,1708,7186,0,0.0,3171
2021-06-14 15:20:00,8770,0.0,33455,33267,0.0,1740,7030,0,0.0,3373
2021-06-14 15:30:00,8435,0.0,33408,33116,0.0,1781,6654,0,0.0,3549
2021-06-14 15:40:00,8365,0.0,33331,33184,0.0,1804,6561,0,0.0,3713
2021-06-14 15:50:00,8121,0.0,33226,33188,0.0,1817,6304,0,0.0,3922
2021-06-14 16:00:00,8022,6963.4,33090,32592,5249.7,1819,6203,4137,1713.7,3885
2021-06-14 16:10:00,7861,0.0,32943,32665,0.0,1813,6048,0,0.0,3982
2021-06-14 16:20:00,7586,0.0,32800,32510,0.0,1776,5810,0,0.0,3956
2021-06-14 16:30:00,7202,0.0,32662,32112,0.0,1780,5422,0,0.0,4382
2021-06-14 16:40:00,6969,0.0,32530,32256,0.0,1781,5188,0,0.0,4579
2021-06-14 16:50:00,6648,0.0,32402,31717,0.0,1781,4867,0,0.0,4523
2021-06-14 17:00:00,6220,5258.2,32278,31996,3641.6,1721,4499,4800,1616.6,4504
2021-06-14 17:10:00,5949,0.0,32164,32328,0.0,1694,4255,0,0.0,4604
2021-06-14 17:20:00,5679,0.0,32063,32189,0.0,1658,4021,0,0.0,4960
2021-06-14 17:30:00,5271,0.0,31974,31935,0.0,1617,3654,0,0.0,5120
2021-06-14 17:40:00,4881,0.0,31897,32012,0.0,1584,3297,0,0.0,5452
2021-06-14 17:50:00,4453,0.0,31834,31902,0.0,1541,2912,0,0.0,5837
2021-06-14 18:00:00,4128,2809.5,31783,31963,1593.1,1502,2626,6229,1216.4,6076
2021-06-14 18:10:00,3669,0.0,31746,32081,0.0,1437,2232,0,0.0,6594
2021-06-14 18:20:00,3223,0.0,31725,32161,0.0,1345,1878,0,0.0,6373
2021-06-14 18:30:00,2702,0.0,31720,31734,0.0,1226,1476,0,0.0,6515
2021-06-14 18:40:00,2290,0.0,31730,31946,0.0,1129,1161,0,0.0,6637
2021-06-14 18:50:00,1920,0.0,31757,31955,0.0,1037,883,0,0.0,6693
2021-06-14 19:00:00,1581,936.9,31801,31808,212.6,946,635,6924,724.3,6863
2021-06-14 19:10:00,1317,0.0,31832,31761,0.0,880,437,0,0.0,6938
2021-06-14 19:20:00,1094,0.0,31826,31695,0.0,807,287,0,0.0,6832
2021-06-14 19:30:00,941,0.0,31784,31179,0.0,742,199,0,0.0,6695
2021-06-14 19:40:00,854,0.0,31706,31443,0.0,696,158,0,0.0,6728
2021-06-14 19:50:00,787,0.0,31591,31564,0.0,637,150,0,0.0,6859
2021-06-14 20:00:00,743,495.0,31439,31330,0.0,593,150,7120,495.0,7090
2021-06-14 20:10:00,631,0.0,31244,31533,0.0,578,53,0,0.0,7090
2021-06-14 20:20:00,563,0.0,31000,31213,0.0,552,11,0,0.0,7294
2021-06-14 20:30:00,558,0.0,30706,30826,0.0,547,11,0,0.0,7251
2021-06-14 20:40:00,530,0.0,30362,30597,0.0,519,11,0,0.0,7263
2021-06-14 20:50:00,523,0.0,29968,30094,0.0,512,11,0,0.0,6957
2021-06-14 21:00:00,513,475.9,29523,29681,0.0,503,10,6841,475.9,6827
2021-06-14 21:10:00,513,0.0,29083,29151,0.0,503,10,0,0.0,6789
2021-06-14 21:20:00,512,0.0,28699,28582,0.0,502,10,0,0.0,6913
2021-06-14 21:30:00,512,0.0,28371,28447,0.0,502,10,0,0.0,7185
2021-06-14 21:40:00,513,0.0,28100,27988,0.0,503,10,0,0.0,7327
2021-06-14 21:50:00,510,0.0,27885,27785,0.0,500,10,0,0.0,7289
2021-06-14 22:00:00,502,424.3,27727,27371,0.0,492,10,7277,424.3,7291
